6407
27452
28282
12820
27306
27080
17017
15888
8961
1101
19980
16958
27061
28487
16376
30571
16587
30992
17063
24628
23628
20512
9634
32020
9433
17771
9795
5866
18276
6200
9623
26076
5021
15322
23787
31137
28437
15664
25629
31450
23169
5719
28092
11117
13307
31799
5768
25140
11232
16244
21210
13066
3753
2688
16658
5246
31951
21824
25637
15617
31899
13145
15402
19539
6069
10396
28552
26355
27246
811
1911
2832
24660
32556
18277
18837
24517
15612
1446
7795
17521
12682
23752
19523
22946
18106
24213
4192
19193
19942
10410
21693
16483
9466
932
19214
28966
4248
14225
29304
32149
26193
24504
25184
2861
3350
3589
7768
23117
3389
24311
6453
24436
31770
5171
27110
2787
5131
20674
14915
26011
2898
16393
19805
14498
4852
2979
5230
8668
31099
15710
18212
1506
326
8964
11577
4072
21856
19067
3315
32173
22148
27736
16085
23319
11814
1987
12870
16430
18845
22283
30135
18017
4194
25283
208
29223
28035
29163
28378
22512
15731
23618
1566
2270
4403
17168
2902
25137
32428
28671
1931
31835
29197
31589
9712
20687
970
29811
21268
26672
23994
1234
21111
24358
27782
12446
6176
17186
10992
3683
16847
22110
31844
19815
12773
12394
30134
29636
26184
16216
12049
32013
27778
12774
3104
20859
32708
18777
30307
